0 0 0 0 0 0 0 0 0 0 0 0 0 0 0
1 4 2 2 0 0 0 0 0 0 0 0 0 0 0
1 1 3 3 0 0 0 0 0 0 0 0 0 0 0
0 0 0 0 0 0 0 0 0 0 0 0 0 0 0
0 0 0 0 0 0 0 0 0 0 0 0 0 0 0
0 0 0 0 0 0 0 0 0 0 0 0 0 0 0
0 0 0 0 0 0 0 0 0 0 0 0 0 0 0
0 0 0 0 0 0 0 0 0 0 0 0 0 0 0
0 0 0 0 0 0 0 0 0 0 0 0 0 0 0
0 0 0 0 0 0 0 0 0 0 0 0 0 0 0
0 0 0 0 0 0 0 0 0 0 0 0 0 0 0
0 0 0 0 0 0 0 0 0 0 0 0 0 0 0
0 0 0 0 0 0 0 0 0 0 0 7 7 5 5
0 0 0 0 0 0 0 0 0 0 0 6 6 8 5
0 0 0 0 0 0 0 0 0 0 0 0 0 0 0



0 -> no unit

1 -> team A Infantry
2 -> team A Cannon
3 -> team A Tank
4 -> team A Base

5 -> team B Infantry
6 -> team B Cannon
7 -> team B Tank
8 -> team B Base